315.057 315.283 296.134 314.311
406.223 261.298 408.503 259.47
567.287 294.242 572.833 290.767
363.16 174.774 365.293 173.467
326.612 96.0619 329.274 94.4012
266.4 304.211 246.722 303.492
776.998 262.203 783.355 256.674
297.016 -40.8555 295.843 -43.1936
416.413 129.879 419.961 127.196
411.106 38.739 411.208 35.7947
728.795 308.204 734.242 303.209
554.726 243.4 560.045 239.921
654.227 64.7823 656.389 59.161
459.107 150.073 461.894 147.042
455.221 240.011 456.792 237.759
673.908 157.82 679.059 152.838
301.697 270.679 282.541 270.045
373.645 -51.8783 371.771 -55.5569
510.359 263.785 515.583 261.71
260.055 245.861 239.85 245.505
628.153 251.576 632.95 248.341
417.576 181.364 419.324 178.782
349.106 350.695 327.291 348.889
211.792 306.288 194.99 306.861
180.79 156.68 182.437 156.955
174.955 242.652 177.249 243.474
124.82 244.3 127.319 245.901
208.122 -19.7143 206.898 -20.7545
126.798 181.889 128.174 183.327
146.323 58.6248 145.79 58.9659
64.4875 224.229 67.294 226.487
217.159 66.9663 217.694 66.6823
93.1604 45.209 92.884 45.5656
134.824 -79.7992 133.16 -80.6629
54.8743 127.387 55.9455 130.076
44.909 69.566 46.0398 71.9672
-26.8329 221.805 -23.038 224.891
-20.6849 169.846 -18.9424 172.283
-57.1103 99.569 -57.8342 103.098
11.4176 -73.8337 7.32013 -72.7841
366.76 56.4923 369.086 53.8892
484.622 191.049 489.189 187.547
458.848 285.478 462.021 282.46
375.321 -200.116 371.206 -208.478
611.177 127.907 610.032 122.553
491.211 -213.56 490.053 -224.9
424.879 -75.2218 423.853 -80.689
352.511 278.463 333.945 276.643
812.526 318.029 821.615 312.73
138.611 113.095 138.354 113.971
290.819 121.247 293.18 120.566
327.923 236.796 309.128 235.927
590.665 -241.839 590.13 -256.579
777.515 -7.27506 782.622 -16.1805
303.667 526.405 217.069 525.044
323.218 438.57 267.729 437.441
64.4805 -88.8323 60.9533 -88.3664
674.453 -294.111 676.175 -312.118
1046.69 -50.9617 1061.32 -65.7354
1021.4 -117.529 1035.24 -135.571
994.366 303.378 1012.94 295.939
-161.654 -310.368 -171.211 -312.634
-134.244 231.899 -136.748 237.073
-283.556 197.386 -287.815 202.693
822.395 -263.432 827.161 -283.109
291.859 63.3508 297.915 61.3663
