149
304
346
176
170
298
66
218
251
294
73
186
204
238
368
246
253
278
74
303
113
91
354
161
192
254
293
220
134
120
121
156
281
165
186
231
93
191
319
147
80
167
106
300
226
301
87
171
74
181
166
188
152
232
114
165
289
249
183
87
123
125
146
213
203
206
182
148
290
127
182
91
151
288
114
170
238
90
116
68
188
250
172
138
48
270
294
191
136
58
314
295
230
147
194
142
200
277
281
273
277
268
145
227
311
163
284
263
144
242
135
125
169
267
112
85
200
39
259
70
226
251
94
359
295
341
261
162
233
161
84
94
320
174
238
141
199
224
150
135
213
248
247
268
264
71
167
64
124
268
194
341
319
245
139
375
142
178
64
199
120
295
306
68
157
264
74
233
270
97
286
224
309
116
299
176
307
134
203
55
229
158
174
168
178
269
211
185
204
305
207
289
148
167
259
62
223
342
283
110
230
214
261
181
173
221
213
184
297
153
182
240
205
150
214
257
308
277
103
150
284
269
124
210
118
255
109
214
302
255
304
170
250
317
163
219
132
226
310
325
301
103
284
137
85
267
115
265
131
105
243
197
139
69
263
298
111
294
125
70
179
347
120
94
166
153
200
280
52
324
165
159
193
184
108
56
134
273
229
353
233
110
120
123
266
118
130
146
189
78
145
109
117
98
153
136
144
324
188
149
204
210
211
171
296
127
341
161
120
206
130
203
19
100
223
141
78
121
133
200
169
245
179
339
60
364
263
251
86
241
145
219
56
268
91
150
155
290
160
296
298
116
188
218
173
115
199
123
225
319
167
344
195
192
212
267
279
293
173
166
116
166
203
204
232
227
190
217
225
206
184
159
293
359
186
210
123
226
205
147
89
232
270
325
259
308
272
222
148
67
109
168
166
249
216
139
281
159
173
127
233
206
304
88
154
233
286
283
242
333
127
290
258
198
233
76
236
42
104
305
247
211
156
197
46
260
237
112
203
142
249
81
160
266
148
322
208
260
328
290
140
250
265
71
241
283
156
139
120
145
228
220
104
274
207
171
309
294
65
235
62
135
232
324
188
210
328
325
230
111
60
272
251
128
123
132
129
272
197
166
221
94
215
154
141
271
284
336
204
171
62
60
267
237
206
181
300
66
210
193
306
362
185
48
222
183
157
201
167
181
109
321
251
147
104
270
325
315
196
156
336
131
140
122
29
268
302
268
299
241
168
168
144
224
359
54
208
127
318
224
189
139
297
232
295
95
127
63
80
201
362
197
255
156
156
179
298
331
79
172
210
237
344
293
127
202
184
203
341
84
277
134
184
243
56
187
93
132
217
138
249
334
310
142
163
225
285
187
268
122
251
330
240
119
126
343
243
214
132
144
49
232
261
64
370
218
161
306
301
227
291
223
117
272
163
264
165
124
348
193
101
159
246
359
192
211
313
171
89
304
261
286
312
130
205
274
101
306
187
180
231
67
293
149
191
205
139
232
227
298
155
323
177
36
330
276
206
56
170
124
108
66
198
242
59
104
270
86
58
127
320
263
151
331
155
249
256
273
184
99
223
291
234
389
348
200
159
50
183
117
141
194
209
135
155
358
104
345
311
219
148
134
251
244
161
106
180
327
123
97
329
196
213
224
183
292
113
253
223
195
242
264
116
207
87
150
255
236
204
179
92
212
96
197
143
193
199
188
124
101
265
329
117
140
134
213
44
190
184
237
86
273
282
262
279
304
61
124
211
158
241
158
208
356
154
105
354
241
217
245
340
252
312
82
145
153
295
280
165
211
246
301
240
173
231
124
299
266
128
67
289
222
95
97
160
149
300
68
183
94
213
127
261
140
178
125
311
254
319
268
241
193
148
271
231
66
121
126
116
70
99
328
233
163
229
141
120
276
80
138
217
138
292
167
218
236
40
227
84
232
263
306
238
204
162
296
182
241
241
275
366
201
231
189
163
130
145
212
108
155
237
285
376
180
293
105
237
126
160
133
199
99
283
264
267
168
98
82
74
253
26
167
96
129
268
221
295
334
90
323
127
246
130
197
152
264
112
274
112
93
131
146
208
273
187
278
271
335
191
84
272
276
262
131
375
205
93
205
93
224
112
188
366
190
354
231
349
104
251
256
151
158
116
279
114
256
333
196
337
192
289
110
183
262
122
125
272
235
270
144
297
309
172
129
178
211
86
138
182
254
290
97
70
147
194
189
214
263
136
309
102
278
150
201
88
266
140
286
200
103
120
169
61
139
197
337
337
224
145
144
225
130
339
117
118
232
356
110
174
261