1540823063.485097408 -0.021840 -0.030430 0.218520 -0.039880 0.033530 -0.013530 0.998550
1540823063.584514618 -0.017360 -0.038900 0.219120 -0.034480 0.021830 -0.019770 0.998970
1540823063.684036255 -0.014440 -0.015000 0.221590 -0.034040 0.015060 -0.022810 0.999050
1540823063.783582687 -0.012900 0.020610 0.222800 -0.030220 0.003150 -0.023410 0.999260
1540823063.883081675 -0.018970 0.042740 0.216740 -0.023480 0.007820 -0.019680 0.999500
1540823063.982548475 -0.038960 0.039570 0.212750 -0.024360 0.013030 -0.034820 0.999010
1540823064.082067490 -0.061550 0.019750 0.209740 -0.023680 0.018670 -0.061740 0.997640
1540823064.181627274 -0.073240 0.006170 0.204570 -0.027000 0.028620 -0.069750 0.996790
1540823064.281145334 -0.056450 0.003050 0.201900 -0.028350 0.020970 -0.066010 0.997200
1540823064.380624294 -0.016310 0.008420 0.199670 -0.028840 0.004250 -0.055700 0.998020
1540823064.480187178 0.037440 0.019770 0.197160 -0.027930 -0.009540 -0.029040 0.999140
1540823064.579663754 0.084300 0.030770 0.196810 -0.029380 -0.015950 0.003620 0.999430
1540823064.679182529 0.095240 0.040490 0.194850 -0.032860 -0.008610 0.042710 0.998510
1540823064.778702259 0.076280 0.039610 0.195660 -0.019990 -0.010730 0.037940 0.999020
1540823064.878220558 0.032690 0.031490 0.197090 -0.021430 0.003540 0.021340 0.999540
1540823064.977739573 -0.017920 0.024430 0.199300 -0.025110 0.022150 0.001990 0.999440
1540823065.077342510 -0.055100 0.018910 0.199050 -0.026120 0.037710 -0.021170 0.998720
1540823065.176779747 -0.062410 0.019580 0.194030 -0.020860 0.046820 -0.031100 0.998200
1540823065.276300430 -0.033260 0.025220 0.191130 -0.016140 0.034260 -0.020760 0.999070
1540823065.375954390 0.015360 0.030850 0.193210 -0.015460 0.008960 -0.001410 0.999840
1540823065.475427389 0.053070 0.033910 0.192560 -0.024090 -0.000890 0.022100 0.999470
1540823065.574854374 0.059990 0.034380 0.178720 -0.023730 -0.000720 0.034670 0.999120
1540823065.674374342 0.044810 0.034680 0.160670 0.015140 0.011550 0.019150 0.999640
1540823065.774038315 0.023450 0.036050 0.168670 0.019190 0.031910 0.009960 0.999260
1540823065.873448610 0.008990 0.036930 0.207510 0.022610 0.031680 -0.001290 0.999240
1540823065.972928286 0.004590 0.030680 0.263550 0.008930 0.027390 -0.004240 0.999580
1540823066.072488308 0.003990 0.018690 0.314120 -0.012940 0.036030 -0.002020 0.999260
1540823066.172041416 0.010870 0.009810 0.347270 -0.053430 0.019260 0.004800 0.998370
1540823066.271530151 0.011860 0.007380 0.332290 -0.072230 0.009580 0.003850 0.997330
1540823066.371005774 0.011680 0.011970 0.274960 -0.062380 0.023860 0.001710 0.997770
1540823066.470526457 0.011240 0.026030 0.218340 -0.012400 0.036180 0.006740 0.999250
1540823066.570114374 0.012830 0.036860 0.192470 0.013250 0.036120 0.007080 0.999230
1540823066.669601202 0.013590 0.038110 0.205360 0.020580 0.029740 0.005860 0.999330
1540823066.802255392 0.012020 0.020700 0.264630 -0.016510 0.022390 0.000880 0.999610
1540823066.868701696 0.011090 0.007680 0.296720 -0.044710 0.012120 -0.005890 0.998910
1540823066.968120337 0.013160 -0.017690 0.322060 -0.084930 0.008860 -0.023250 0.996080
1540823067.067639351 0.030690 -0.036470 0.320380 -0.086090 -0.001140 -0.022440 0.996030
1540823067.167289495 0.057960 -0.022410 0.306130 -0.063780 -0.012590 0.012860 0.997800
1540823067.266727686 0.075070 0.019380 0.288870 -0.040420 -0.024780 0.063630 0.996850
1540823067.366246462 0.069140 0.061830 0.268670 -0.013130 -0.022370 0.090820 0.995530
1540823067.465807438 0.037860 0.087550 0.252780 0.005370 -0.004900 0.090540 0.995870
1540823067.565357685 -0.007910 0.084140 0.245260 0.006250 0.020580 0.062410 0.997820
1540823067.664801598 -0.049830 0.054400 0.248300 -0.006010 0.042650 0.022230 0.998820
1540823067.764321566 -0.072870 0.005920 0.259770 -0.025820 0.055530 -0.017450 0.997970
1540823067.863878489 -0.063560 -0.039880 0.279030 -0.052510 0.043130 -0.038120 0.996960
1540823067.963359594 -0.024030 -0.059200 0.295260 -0.072730 0.020070 -0.029760 0.996710
1540823068.062899828 0.028590 -0.047680 0.300410 -0.080300 -0.005260 0.000500 0.996760
1540823068.162436724 0.071240 -0.017770 0.292380 -0.066890 -0.022320 0.032740 0.996970
1540823068.261988401 0.088690 0.018640 0.277210 -0.050910 -0.025210 0.062140 0.996450
1540823068.361475468 0.077200 0.046660 0.258270 -0.043450 -0.007440 0.073660 0.996310
1540823068.460997581 0.047500 0.046460 0.238820 -0.037900 0.015170 0.052830 0.997770
1540823068.560472727 0.015860 0.029760 0.219700 -0.016950 0.047150 0.013740 0.998650
1540823068.693210363 -0.002320 0.039350 0.228970 -0.000690 0.043780 -0.008410 0.999010
1540823068.759509563 -0.003400 0.058590 0.245330 -0.000760 0.037260 -0.001250 0.999300
1540823068.859073162 0.001830 0.088320 0.277690 -0.004700 0.023590 0.022920 0.999450
1540823068.958589554 0.008330 0.093880 0.311220 -0.023280 0.018610 0.034870 0.998950
1540823069.058135986 0.006850 0.072800 0.346910 -0.045140 0.017150 0.035870 0.998190
1540823069.157587528 0.003140 0.027720 0.373430 -0.085500 0.018320 0.023500 0.995890
1540823069.257153511 -0.001970 -0.023240 0.380090 -0.109660 0.019420 0.004660 0.993770
1540823069.356623411 -0.004070 -0.054760 0.357650 -0.110150 0.018770 -0.003890 0.993730
1540823069.489356518 -0.001200 -0.046020 0.299170 -0.071340 0.019570 -0.008510 0.997220
1540823069.555701494 0.001860 -0.026140 0.267990 -0.047870 0.021210 -0.012080 0.998560
1540823069.655221462 -0.003520 0.015150 0.236100 0.000110 0.023990 -0.012170 0.999640
1540823069.754741430 -0.008060 0.060220 0.227950 0.031390 0.023060 0.000010 0.999240
1540823069.854219437 -0.010020 0.095950 0.243640 0.049740 0.011160 0.010220 0.998650
1540823069.953738451 -0.009410 0.113260 0.275810 0.039340 0.008220 0.026400 0.998840
1540823070.053297043 -0.010560 0.101080 0.319880 -0.004700 0.009960 0.036130 0.999290
1540823070.152775526 -0.015070 0.067660 0.362120 -0.050760 0.017480 0.027240 0.998190
1540823070.252369165 -0.016790 0.025220 0.389660 -0.084690 0.014690 0.015380 0.996180
1540823070.351914644 -0.021090 -0.012290 0.390720 -0.102580 0.019610 0.006370 0.994510
1540823070.484507799 -0.018540 -0.033760 0.351840 -0.088640 0.021810 0.004650 0.995810
1540823070.550851583 -0.015890 -0.030520 0.322320 -0.067800 0.023540 0.006650 0.997400
1540823070.650446415 -0.012140 -0.012580 0.279430 -0.027340 0.029460 0.007120 0.999170
1540823070.749889612 -0.012100 0.012670 0.254160 -0.000670 0.025970 0.007440 0.999630
1540823070.948931217 -0.002160 0.036120 0.237260 0.001280 0.007500 -0.004070 0.999960
1540823071.048555613 0.005120 0.041680 0.231450 0.003650 0.005210 0.000960 0.999980
1540823071.148014545 -0.007450 0.046580 0.226600 0.008960 0.013120 -0.005460 0.999860
1540823071.247484684 -0.045880 0.048360 0.227340 0.013490 0.034570 -0.026850 0.998950
1540823071.347080708 -0.099540 0.044370 0.243380 0.010090 0.061920 -0.060610 0.996190
1540823071.446522474 -0.138170 0.032590 0.282150 -0.001470 0.067730 -0.091360 0.993510
1540823071.546041965 -0.152130 0.013290 0.334730 -0.037770 0.067490 -0.109190 0.991010
1540823071.645561934 -0.133300 -0.007230 0.390640 -0.085940 0.048360 -0.108400 0.989200
1540823071.778254509 -0.071450 -0.030160 0.427030 -0.126810 0.027320 -0.071190 0.988990
1540823071.877822638 -0.010130 -0.035090 0.415720 -0.124520 0.008390 -0.022600 0.991920
1540823071.944119692 0.025770 -0.028020 0.393510 -0.111330 0.001190 0.012500 0.993700
1540823072.043677807 0.068310 0.005770 0.353830 -0.077800 -0.000820 0.069460 0.994550
1540823072.143261433 0.079950 0.044820 0.318230 -0.057220 0.003600 0.103630 0.992960
1540823072.242678165 0.064600 0.069940 0.286560 -0.042390 0.008120 0.096600 0.994390
1540823072.342193604 0.024900 0.079550 0.255190 -0.017000 0.022850 0.059450 0.997820
1540823072.441791534 -0.029390 0.076370 0.234410 0.007720 0.038350 0.006960 0.999210
1540823072.574404240 -0.095590 0.045690 0.232920 0.009280 0.048360 -0.052780 0.997390
1540823072.640750647 -0.115380 0.021000 0.240320 -0.002560 0.052430 -0.068980 0.996240
1540823072.740269423 -0.119960 -0.017100 0.258790 -0.016410 0.046180 -0.072720 0.996150
1540823072.839789391 -0.087010 -0.041760 0.285530 -0.038210 0.027340 -0.051070 0.997590
1540823072.972523451 -0.021540 -0.034970 0.313750 -0.060130 0.002360 -0.002990 0.998180
1540823073.072073460 0.019500 -0.003950 0.317770 -0.058560 -0.012500 0.030850 0.997730
1540823073.138345480 0.032080 0.021810 0.311530 -0.056770 -0.016600 0.046060 0.997190
1540823073.237864494 0.026260 0.055840 0.290150 -0.048730 -0.014590 0.051200 0.997390
1540823073.337464333 -0.005190 0.069760 0.262300 -0.041510 0.005830 0.029160 0.998700
1540823073.436907053 -0.043960 0.063360 0.237400 -0.034310 0.021440 -0.001940 0.999180
1540823073.536460638 -0.075060 0.046990 0.216530 -0.034110 0.031920 -0.028170 0.998510
1540823073.636032820 -0.084760 0.029340 0.199390 -0.042690 0.028780 -0.044160 0.997700
1540823073.735498905 -0.080390 0.016180 0.183970 -0.057110 0.021070 -0.043060 0.997220
1540823073.834979534 -0.067480 0.008460 0.169480 -0.061220 0.010920 -0.031800 0.997560
1540823073.934498787 -0.052410 0.005320 0.154740 -0.060540 0.006680 -0.022550 0.997890
1540823074.067274570 -0.033920 0.008870 0.135120 -0.058090 0.003990 -0.015730 0.998180
1540823074.133535385 -0.026960 0.012840 0.125690 -0.052970 0.003540 -0.011010 0.998530
1540823074.233054399 -0.018860 0.018410 0.110500 -0.043410 0.004710 -0.003690 0.999040
1540823074.332616329 -0.013540 0.019320 0.096790 -0.038130 0.005900 -0.003490 0.999250
1540823074.432118416 -0.013280 0.024300 0.084050 -0.030890 0.009210 -0.003500 0.999470
1540823074.531651497 -0.013240 0.027670 0.071740 -0.019950 0.010540 -0.001820 0.999740
1540823074.631170511 -0.015090 0.032360 0.059570 -0.008080 0.012930 0.001370 0.999880
1540823074.730650425 -0.014660 0.032300 0.052570 -0.001530 0.016850 0.000530 0.999860
1540823074.830209732 -0.015140 0.032000 0.047100 0.000330 0.020820 0.000160 0.999780
1540823074.929687500 -0.015940 0.030770 0.043290 0.005960 0.021580 -0.000800 0.999750
1540823075.029207468 -0.017600 0.029150 0.040490 0.008030 0.022020 -0.003010 0.999720
1540823075.128727436 -0.019410 0.028340 0.037730 0.006480 0.024770 -0.001920 0.999670
1540823075.228254795 -0.020650 0.027760 0.033860 0.012490 0.028070 -0.002130 0.999530
1540823075.360939741 -0.021690 0.026870 0.030490 0.014520 0.029740 -0.001990 0.999450
1540823075.526857376 -0.022760 0.026520 0.027430 0.016510 0.029340 -0.003090 0.999430
1540823075.825414419 -0.024010 0.027580 0.025810 0.008180 0.022670 -0.003970 0.999700
1540823076.124011517 -0.024800 0.027930 0.024470 0.000260 0.019570 -0.003560 0.999800
1540823083.388908863 -0.023420 0.027770 0.027000 -0.004540 0.016410 -0.000130 0.999860
1540823083.488426447 -0.022210 0.025800 0.033120 -0.010430 0.014100 0.003950 0.999840
1540823083.587986469 -0.019670 0.019770 0.045400 -0.014080 0.013210 0.008660 0.999780
1540823083.687464237 -0.013630 0.021300 0.062090 -0.016060 0.011600 0.013640 0.999710
1540823083.786983252 -0.009480 0.021820 0.083490 -0.017200 0.014260 0.018030 0.999590
1540823083.886573076 -0.003610 0.023010 0.110590 -0.018670 0.018050 0.021540 0.999430
1540823083.986113310 0.001510 0.026800 0.144800 -0.019300 0.021120 0.024590 0.999290
1540823084.085539103 0.008040 0.032880 0.183170 -0.021040 0.022890 0.027960 0.999130
1540823084.185189486 0.016800 0.039930 0.226930 -0.022270 0.021860 0.033530 0.998950
1540823084.284581184 0.029340 0.049480 0.271060 -0.024310 0.020260 0.051730 0.998160
1540823084.417311192 0.045110 0.069990 0.337350 -0.024650 0.027440 0.089330 0.995320
1540823084.483655214 0.051580 0.081740 0.373730 -0.023350 0.036810 0.109910 0.992980
1540823084.583175182 0.060800 0.102230 0.434430 -0.021640 0.053640 0.141060 0.988310
1540823084.682694197 0.078510 0.123770 0.507120 -0.021860 0.058790 0.172870 0.982950
1540823084.782207251 0.105540 0.148280 0.585700 -0.018350 0.069460 0.204670 0.976190
1540823084.881733179 0.139810 0.176680 0.673200 -0.005150 0.092280 0.236590 0.967200
1540823084.981209993 0.190900 0.206260 0.768280 0.005190 0.113230 0.265810 0.957340
1540823085.080813169 0.264190 0.235250 0.867120 0.009610 0.130830 0.292060 0.947360
1540823085.180250406 0.360090 0.266340 0.969560 0.011820 0.151650 0.314590 0.936960
1540823085.279768229 0.483750 0.301080 1.077160 0.008990 0.161410 0.335400 0.928100
1540823085.379288912 0.634320 0.341710 1.185380 0.006900 0.174090 0.359750 0.916640
1540823085.478929520 0.814890 0.392200 1.292750 -0.001610 0.180990 0.386360 0.904420
1540823085.578417301 1.026630 0.452200 1.394240 -0.021950 0.174630 0.416880 0.891760
1540823085.677846670 1.259180 0.526970 1.490120 -0.044730 0.164820 0.452160 0.875440
1540823085.810610533 1.595190 0.654120 1.606160 -0.072010 0.155070 0.497670 0.850350
1540823085.876883984 1.768620 0.733880 1.660050 -0.081090 0.150130 0.521200 0.836210
1540823086.009654522 2.129190 0.919730 1.753760 -0.105760 0.130140 0.569830 0.804470
1540823086.076000452 2.313030 1.027620 1.787750 -0.119450 0.119310 0.593780 0.786720
1540823086.175485134 2.582050 1.209870 1.826160 -0.132640 0.107640 0.631980 0.755930
1540823086.308169127 2.928620 1.487550 1.851050 -0.150180 0.078470 0.686650 0.706960
1540823086.407655239 3.171950 1.721390 1.851450 -0.163790 0.051950 0.728170 0.663510
1540823086.474016428 3.315320 1.890750 1.844380 -0.172430 0.044860 0.753410 0.632960
1540823086.606687069 3.575400 2.245670 1.815810 -0.183700 0.035540 0.798400 0.572320
1540823086.673072100 3.691220 2.436000 1.793570 -0.188020 0.031970 0.817350 0.543650
1540823086.772553205 3.836780 2.733440 1.752330 -0.189070 0.033730 0.841130 0.505590
1540823086.872117043 3.963630 3.049740 1.704650 -0.192020 0.030190 0.862650 0.466970
1540823086.971661091 4.057870 3.383290 1.644140 -0.205110 0.006520 0.882090 0.424030
1540823087.071201086 4.114210 3.730590 1.571280 -0.216490 -0.019610 0.899390 0.379260
1540823087.170708179 4.132030 4.082280 1.489010 -0.222000 -0.034140 0.915600 0.333510
1540823087.270188332 4.102640 4.430190 1.403880 -0.217830 -0.043230 0.931860 0.286920
1540823087.369752169 4.035150 4.776860 1.319160 -0.205400 -0.056060 0.946960 0.240680
1540823087.469227314 3.928440 5.116080 1.236180 -0.188750 -0.071060 0.959700 0.195710
1540823087.568749428 3.783970 5.443580 1.157640 -0.168830 -0.089120 0.970010 0.150430
1540823087.668264151 3.603730 5.753390 1.084020 -0.144320 -0.112920 0.977540 0.104040
1540823087.767838717 3.389910 6.033660 1.015140 -0.121670 -0.138200 0.981040 0.060500
1540823087.867309332 3.157920 6.283270 0.953130 -0.108240 -0.156200 0.981470 0.024530
1540823087.966781139 2.910100 6.502280 0.897210 -0.097460 -0.170640 0.980500 -0.000800
1540823088.066300154 2.646830 6.673980 0.849370 -0.091960 -0.179970 0.979160 -0.019950
1540823088.165891171 2.371310 6.802560 0.806110 -0.095690 -0.173230 0.979810 -0.028380
1540823088.265337229 2.082150 6.885640 0.771590 -0.094790 -0.145120 0.984480 -0.027320
1540823088.364856243 1.779390 6.933150 0.746730 -0.095230 -0.091340 0.991020 -0.021370
1540823088.464377403 1.463960 6.956190 0.738120 -0.095690 -0.032790 0.994810 -0.010800
1540823088.597155333 1.020450 6.979840 0.759810 -0.092840 0.007400 0.995650 -0.003680
1540823088.663489342 0.786860 6.999980 0.781990 -0.091170 0.016210 0.995700 -0.002030
1540823088.762973070 0.425540 7.033540 0.831140 -0.090480 0.028790 0.995480 0.000020
1540823088.862541199 0.050110 7.078120 0.894410 -0.089520 0.024940 0.995670 0.000580
1540823088.962011099 -0.332370 7.124920 0.963080 -0.088820 0.018050 0.995880 0.001390
1540823089.061494112 -0.729300 7.180550 1.027120 -0.088650 0.011700 0.995990 0.002480
1540823089.161009312 -1.135320 7.243300 1.084770 -0.088400 -0.002210 0.996080 0.002140
1540823089.260528088 -1.548740 7.302810 1.137840 -0.087270 -0.021450 0.995950 0.001430
1540823089.360087156 -1.968980 7.355660 1.184550 -0.088370 -0.035940 0.995440 0.001350
1540823089.459604025 -2.396420 7.402030 1.225700 -0.095740 -0.042050 0.994510 0.002520
1540823089.559084177 -2.829490 7.435700 1.265610 -0.096580 -0.040840 0.994480 0.003380
1540823089.658674717 -3.270600 7.464280 1.294900 -0.105010 -0.040780 0.993630 0.003820
1540823089.758227348 -3.717480 7.484330 1.313840 -0.117840 -0.038770 0.992260 0.004950
1540823089.857756615 -4.177750 7.495130 1.334280 -0.112160 -0.031610 0.993160 0.006740
1540823089.957316399 -4.646800 7.501960 1.353470 -0.111730 -0.021770 0.993350 0.017300
1540823090.056794405 -5.128490 7.505670 1.375640 -0.108870 -0.013720 0.993300 0.036330
1540823090.189587355 -5.785150 7.510130 1.409360 -0.105850 0.007360 0.991940 0.069210
1540823090.289010525 -6.287350 7.520850 1.434830 -0.103760 0.025990 0.988800 0.104070
1540823090.388525724 -6.796310 7.540620 1.459450 -0.105260 0.056570 0.982700 0.141520
1540823090.454871655 -7.138050 7.564810 1.473520 -0.110550 0.075990 0.976970 0.165910
1540823090.554390192 -7.653890 7.619630 1.489430 -0.113650 0.089340 0.968120 0.204540
1540823090.653909683 -8.173380 7.697880 1.500170 -0.114940 0.087800 0.958520 0.245580
1540823090.753523350 -8.695890 7.796830 1.506920 -0.117380 0.093300 0.945190 0.290050
1540823090.853042364 -9.219510 7.922770 1.509100 -0.118690 0.095270 0.927600 0.341170
1540823090.952559471 -9.745860 8.074490 1.505750 -0.114510 0.092020 0.905440 0.398260
1540823091.051988363 -10.277460 8.243260 1.497600 -0.113300 0.109820 0.875630 0.456480
1540823091.151615858 -10.795110 8.442230 1.489020 -0.103670 0.131230 0.841470 0.513770
1540823091.251028061 -11.299990 8.669700 1.480540 -0.089760 0.151630 0.802990 0.569340
1540823091.350542545 -11.790140 8.926990 1.473200 -0.072260 0.173130 0.759830 0.622470
1540823091.450066090 -12.251410 9.219500 1.471140 -0.050800 0.197980 0.710790 0.673050
1540823091.549685717 -12.674360 9.545440 1.475030 -0.023940 0.224630 0.656070 0.720100
1540823091.649101734 -13.039990 9.901070 1.484540 -0.000640 0.242330 0.598020 0.763970
1540823091.748618603 -13.348980 10.279760 1.495900 0.015840 0.244390 0.540380 0.804990
1540823091.848137379 -13.585080 10.673250 1.508250 0.024050 0.232250 0.485580 0.842440
1540823091.980959415 -13.806180 11.208240 1.537280 0.032450 0.207090 0.407900 0.888640
1540823092.047214985 -13.874320 11.476360 1.554780 0.045430 0.202110 0.364410 0.907910
1540823092.146764278 -13.936520 11.871510 1.588390 0.059550 0.189800 0.294060 0.934860
1540823092.279513359 -13.952460 12.371300 1.638580 0.075910 0.180700 0.192900 0.961440
1540823092.345775366 -13.924090 12.604880 1.662760 0.080100 0.180240 0.143750 0.969760
1540823092.445329428 -13.861900 12.935130 1.707410 0.084400 0.182080 0.077200 0.976610
1540823092.544881344 -13.735180 13.222010 1.759570 0.087710 0.187230 0.020640 0.978170
1540823092.644411325 -13.583330 13.489190 1.826370 0.086480 0.189580 -0.031630 0.977540
1540823092.743816853 -13.391230 13.719380 1.904130 0.090780 0.191950 -0.082880 0.973680
1540823092.843330383 -13.164470 13.916460 1.994100 0.100000 0.189720 -0.134110 0.967480
1540823092.942848444 -12.907710 14.077300 2.093710 0.110680 0.184140 -0.186920 0.958600
1540823093.042366266 -12.619930 14.196060 2.194320 0.123520 0.175340 -0.240330 0.946700
1540823093.141928434 -12.317160 14.273540 2.295110 0.138730 0.162840 -0.290400 0.932690
1540823093.241442442 -11.984710 14.312280 2.383820 0.154480 0.152620 -0.337000 0.916120
1540823093.340922356 -11.637000 14.300810 2.457910 0.167580 0.143000 -0.381940 0.897550
1540823093.440440416 -11.294720 14.240500 2.517800 0.180780 0.133580 -0.425590 0.876550
1540823093.540061474 -10.959030 14.137280 2.569670 0.193120 0.118400 -0.466990 0.854760
1540823093.639479399 -10.632430 13.992650 2.612270 0.208110 0.099000 -0.505670 0.831380
1540823093.739075422 -10.322190 13.806640 2.644160 0.227160 0.077550 -0.540920 0.806100
1540823093.838516474 -10.036710 13.580340 2.661920 0.237550 0.059140 -0.567970 0.785800
1540823093.938035250 -9.778400 13.316820 2.662190 0.229360 0.056410 -0.586070 0.775070
1540823094.037553549 -9.546720 13.021830 2.645660 0.224060 0.061870 -0.599160 0.766150
1540823094.137192011 -9.341100 12.690630 2.613740 0.221540 0.063410 -0.610860 0.757460
1540823094.236681938 -9.159810 12.327530 2.571620 0.217480 0.063530 -0.619190 0.751840
1540823094.336235046 -9.002120 11.933430 2.517300 0.210120 0.068080 -0.621190 0.751890
1540823094.435772419 -8.871790 11.507340 2.452710 0.191500 0.079400 -0.619520 0.757110
1540823094.535253525 -8.749350 11.051160 2.389650 0.173270 0.089470 -0.605750 0.771380
1540823094.634769440 -8.638270 10.565820 2.327980 0.148010 0.102950 -0.583770 0.791650
1540823094.734331608 -8.532740 10.052770 2.272330 0.121060 0.115660 -0.558870 0.812170
1540823094.866979361 -8.385400 9.331750 2.209730 0.102670 0.124240 -0.526980 0.834450
1540823094.933324337 -8.308670 8.956010 2.183900 0.090440 0.125940 -0.512520 0.844560
1540823095.032922506 -8.185760 8.375690 2.157850 0.071200 0.127100 -0.489960 0.859490
1540823095.132363319 -8.050770 7.785930 2.142320 0.061430 0.132230 -0.465770 0.872810
1540823095.231923342 -7.899770 7.182630 2.130430 0.043810 0.134540 -0.437590 0.887970
1540823095.331401587 -7.731770 6.573070 2.119070 0.020400 0.133860 -0.402090 0.905530
1540823095.431009293 -7.544380 5.962860 2.103910 -0.005860 0.135780 -0.364330 0.921300
1540823095.530441999 -7.335850 5.359090 2.088580 -0.037580 0.136350 -0.325330 0.934960
1540823095.663137436 -7.023450 4.573580 2.065950 -0.086460 0.136270 -0.275380 0.947690
1540823095.729486942 -6.846990 4.195880 2.053730 -0.112830 0.136160 -0.251470 0.951570
1540823095.828996420 -6.561380 3.653980 2.029610 -0.151780 0.133560 -0.213820 0.955720
1540823095.928514481 -6.248390 3.148980 1.998010 -0.188790 0.131850 -0.176770 0.956940
1540823096.028079271 -5.906210 2.694630 1.956270 -0.191030 0.136400 -0.143230 0.961450
1540823096.127552509 -5.538620 2.284730 1.906350 -0.175100 0.133620 -0.107500 0.969500
1540823096.227141380 -5.151010 1.911060 1.850740 -0.148280 0.129440 -0.068580 0.978040
1540823096.326593399 -4.744210 1.570950 1.794910 -0.138710 0.126000 -0.023460 0.982000
1540823096.426184416 -4.322740 1.264720 1.741330 -0.139560 0.123040 0.021290 0.982310
1540823096.525632143 -3.889450 0.989980 1.689050 -0.153330 0.115350 0.066740 0.979150
1540823096.625188351 -3.443740 0.751790 1.636580 -0.168780 0.107160 0.110290 0.973590
1540823096.724669695 -2.992140 0.558360 1.581110 -0.159300 0.109590 0.152540 0.969200
1540823096.824226618 -2.531630 0.401160 1.528510 -0.152740 0.101860 0.196750 0.963110
1540823096.923704386 -2.068610 0.289670 1.480240 -0.149380 0.095810 0.241210 0.954110
1540823097.023224592 -1.603980 0.212080 1.438020 -0.163340 0.088170 0.289700 0.938950
1540823097.122787476 -1.143790 0.174170 1.400550 -0.181360 0.080880 0.338850 0.919640
1540823097.222263813 -0.690180 0.172630 1.365830 -0.191990 0.074680 0.387410 0.898600
1540823097.321856499 -0.251580 0.218550 1.336510 -0.198040 0.059930 0.435550 0.876060
1540823097.421339273 0.167130 0.309880 1.313600 -0.199780 0.047170 0.482840 0.851310
1540823097.520946503 0.565820 0.439390 1.297850 -0.195650 0.040370 0.528680 0.824970
1540823097.620337486 0.942630 0.602180 1.288530 -0.200760 0.031420 0.572680 0.794190
1540823097.719903469 1.294870 0.796700 1.281630 -0.212030 0.014710 0.616400 0.758210
1540823097.819375515 1.615600 1.020200 1.272010 -0.221960 0.001880 0.661580 0.716270
1540823097.952144384 1.982280 1.363490 1.254290 -0.229120 -0.012330 0.718760 0.656300
1540823098.018510580 2.139110 1.549960 1.243700 -0.225040 -0.011480 0.745090 0.627750
1540823098.117933512 2.336710 1.847550 1.227530 -0.214670 -0.005620 0.780580 0.587010
1540823098.217453480 2.498740 2.162770 1.213570 -0.209070 -0.007930 0.812340 0.544370
1540823098.350213289 2.649670 2.606770 1.198970 -0.203730 -0.013980 0.850200 0.485250
1540823098.449746609 2.710200 2.950980 1.194030 -0.198440 -0.023190 0.877300 0.436370
1540823098.516087532 2.730890 3.182220 1.193580 -0.195530 -0.032890 0.893970 0.401880
1540823098.615568399 2.724450 3.536050 1.190360 -0.184430 -0.044600 0.917400 0.349820
1540823098.715087652 2.671650 3.886110 1.186720 -0.171620 -0.055580 0.937440 0.297770
1540823098.814566374 2.589690 4.230130 1.182960 -0.167030 -0.072940 0.952190 0.245200
1540823098.914133549 2.475240 4.561490 1.179510 -0.167060 -0.092260 0.962400 0.193300
1540823099.013679266 2.327030 4.872690 1.175800 -0.167480 -0.111420 0.969050 0.143110
1540823099.113166809 2.148490 5.158410 1.172490 -0.166940 -0.130840 0.972730 0.093870
1540823099.212712526 1.938360 5.410260 1.169220 -0.166950 -0.144640 0.974230 0.045660
1540823099.312202454 1.695820 5.625730 1.165520 -0.166570 -0.155270 0.973730 0.000670
1540823099.411680460 1.428800 5.807990 1.160820 -0.172010 -0.162180 0.971040 -0.034600
1540823099.511198282 1.133240 5.953960 1.154930 -0.173730 -0.161180 0.969740 -0.058700
1540823099.610718489 0.808230 6.068240 1.144240 -0.172900 -0.148670 0.971380 -0.066450
1540823099.710236788 0.455500 6.146160 1.134370 -0.167140 -0.122130 0.976220 -0.064370
1540823099.809756279 0.075940 6.197880 1.125900 -0.158610 -0.090710 0.981410 -0.058670
1540823099.909314394 -0.325010 6.228650 1.124150 -0.150970 -0.062540 0.985250 -0.050750
1540823100.008833647 -0.746800 6.246630 1.128690 -0.143680 -0.035550 0.988180 -0.039830
1540823100.108355284 -1.188660 6.257620 1.141620 -0.136920 -0.005930 0.990180 -0.027590
1540823100.207919598 -1.648120 6.267830 1.166040 -0.129180 0.021900 0.991230 -0.017260
1540823100.307350159 -2.121580 6.282860 1.202750 -0.124040 0.040370 0.991380 -0.012650
1540823100.406870604 -2.609690 6.307770 1.249660 -0.122590 0.052530 0.991010 -0.010720
1540823100.506388664 -3.112380 6.345890 1.302690 -0.121630 0.052420 0.991130 -0.010560
1540823100.605908632 -3.628310 6.396450 1.356190 -0.121130 0.048580 0.991400 -0.009560
1540823100.705526352 -4.155870 6.459140 1.404560 -0.122310 0.042640 0.991550 -0.006700
1540823100.805007458 -4.692970 6.533930 1.445210 -0.121010 0.032300 0.992130 0.000500
1540823100.904618740 -5.238770 6.614800 1.481480 -0.120460 0.015210 0.992540 0.010770
1540823101.004200697 -5.793840 6.699790 1.510740 -0.119140 -0.004120 0.992610 0.022570
1540823101.103790998 -6.356860 6.785410 1.528100 -0.120180 -0.016050 0.991870 0.038750
1540823101.203284740 -6.926950 6.867150 1.532640 -0.122230 -0.013730 0.990500 0.061470
1540823101.335894346 -7.701630 6.976380 1.511660 -0.118660 -0.001440 0.987490 0.103840
1540823101.402240753 -8.094620 7.034540 1.492000 -0.116210 0.011710 0.984420 0.131450
1540823101.501758575 -8.690850 7.127190 1.455240 -0.111200 0.035850 0.977390 0.176260
1540823101.601276636 -9.292110 7.232690 1.415830 -0.100460 0.064210 0.967510 0.222960
1540823101.700911760 -9.893730 7.355910 1.379970 -0.088780 0.090800 0.953700 0.272630
1540823101.800359726 -10.488190 7.505400 1.349480 -0.074340 0.117310 0.935950 0.323580
1540823101.899833918 -11.072010 7.685580 1.328490 -0.056700 0.135240 0.915590 0.374420
1540823101.999454737 -11.640510 7.898390 1.320160 -0.038060 0.152960 0.890590 0.426620
1540823102.098871708 -12.181140 8.146060 1.323680 -0.015950 0.168400 0.861110 0.479450
1540823102.198468208 -12.686620 8.428280 1.338870 0.005260 0.180140 0.826920 0.532660
1540823102.297986031 -13.149490 8.739120 1.365030 0.026690 0.189700 0.788420 0.584540
1540823102.397429943 -13.564150 9.073400 1.399850 0.047220 0.198800 0.745980 0.633850
1540823102.496947527 -13.921350 9.427520 1.443990 0.064170 0.210900 0.698380 0.680930
1540823102.596466541 -14.226740 9.792780 1.493620 0.078920 0.231760 0.645140 0.723780
1540823102.696078777 -14.463000 10.171820 1.552050 0.092720 0.243380 0.588150 0.765670
1540823102.795599699 -14.635430 10.556770 1.613410 0.102810 0.247470 0.527700 0.806060
1540823102.895024538 -14.736620 10.941820 1.678270 0.102790 0.243990 0.465900 0.844300
1540823102.994542599 -14.769810 11.321280 1.745120 0.094750 0.244350 0.406420 0.875290
1540823103.094101906 -14.748210 11.691440 1.815060 0.081190 0.246860 0.353000 0.898810
1540823103.193580866 -14.667150 12.048690 1.890670 0.074920 0.251760 0.305030 0.915400
1540823103.293140888 -14.521480 12.396030 1.968350 0.075200 0.258150 0.258270 0.927900
1540823103.392621756 -14.323310 12.730160 2.042220 0.082150 0.266250 0.210270 0.937100
1540823103.492139816 -14.073960 13.051700 2.109980 0.086560 0.273960 0.163190 0.943830
1540823103.591667891 -13.773420 13.354970 2.171220 0.093250 0.279520 0.117530 0.948350
1540823103.691178799 -13.413140 13.635490 2.222290 0.117770 0.276810 0.067890 0.951260
1540823103.790694714 -13.007300 13.887910 2.255380 0.151210 0.259310 0.015080 0.953760
1540823103.890313148 -12.562390 14.106910 2.265420 0.185070 0.229640 -0.046520 0.954390
1540823103.989654541 -12.092550 14.283460 2.256380 0.219130 0.198670 -0.111470 0.948730
1540823104.089267492 -11.599860 14.399750 2.229200 0.250360 0.164710 -0.178940 0.937110
1540823104.188693523 -11.102220 14.453810 2.188730 0.279180 0.131330 -0.246320 0.918770
1540823104.288211823 -10.610410 14.443260 2.135330 0.301570 0.100700 -0.310360 0.895870
1540823104.387731552 -10.135970 14.358020 2.070240 0.306880 0.072530 -0.369300 0.874180
1540823104.487250805 -9.688530 14.213690 1.998130 0.304360 0.055980 -0.423220 0.851540
1540823104.586785555 -9.274830 13.995040 1.921180 0.303380 0.037820 -0.472400 0.826660
1540823104.686288595 -8.904140 13.718330 1.842680 0.299690 0.024980 -0.516030 0.802040
1540823104.785847664 -8.578160 13.389750 1.762270 0.289660 0.026100 -0.545880 0.785770
1540823104.885325193 -8.293130 13.015250 1.684070 0.276870 0.033490 -0.554110 0.784340
1540823104.984844446 -8.050230 12.589050 1.613120 0.242910 0.050130 -0.555590 0.793600
1540823105.084363699 -7.839700 12.120360 1.560000 0.202550 0.072190 -0.553600 0.804540
1540823105.183981657 -7.644460 11.609130 1.531340 0.176280 0.087770 -0.546210 0.814170
1540823105.283459663 -7.464930 11.061000 1.529450 0.152570 0.102260 -0.534090 0.825230
1540823105.383034229 -7.292950 10.476040 1.555130 0.126540 0.119740 -0.518420 0.837190
1540823105.482648373 -7.114420 9.863040 1.608870 0.102850 0.133120 -0.498860 0.850200
1540823105.582173586 -6.926970 9.228760 1.684570 0.078110 0.147380 -0.475960 0.863500
1540823105.681671619 -6.721840 8.577670 1.776290 0.052520 0.161450 -0.449180 0.877160
1540823105.781109810 -6.492600 7.917680 1.876040 0.029250 0.176010 -0.415420 0.891960
1540823105.880628586 -6.237500 7.257130 1.972130 0.015140 0.185180 -0.373520 0.908820
1540823105.980147600 -5.957940 6.598360 2.056590 0.000060 0.192990 -0.323750 0.926250
1540823106.079804420 -5.653230 5.945270 2.129370 -0.024780 0.203510 -0.264150 0.942440
1540823106.179186583 -5.322970 5.306940 2.185920 -0.049330 0.215130 -0.198140 0.955000
1540823106.278800488 -4.962940 4.681640 2.222190 -0.081670 0.225510 -0.127210 0.962440
1540823106.378269911 -4.574610 4.081510 2.243010 -0.128270 0.231440 -0.053650 0.962860
1540823106.477872849 -4.151130 3.517720 2.245930 -0.165510 0.233320 0.017480 0.958050
1540823106.577263594 -3.696770 3.003490 2.230370 -0.185970 0.232850 0.087640 0.950530
1540823106.676820755 -3.212800 2.539560 2.198780 -0.208770 0.228650 0.160480 0.937220
1540823106.776340246 -2.707630 2.137770 2.150030 -0.218490 0.220770 0.231410 0.921940
1540823106.875859737 -2.184910 1.806270 2.095750 -0.215270 0.205850 0.306840 0.903950
1540823106.975338697 -1.650610 1.538610 2.037600 -0.226840 0.185010 0.386520 0.874590
1540823107.108076811 -0.940300 1.286670 1.958630 -0.252390 0.146980 0.493530 0.819220
1540823107.174376726 -0.593150 1.209340 1.920620 -0.260200 0.133550 0.542010 0.787840
1540823107.273935795 -0.098890 1.146820 1.865740 -0.261420 0.117800 0.609740 0.738920
1540823107.373414755 0.368780 1.133670 1.812270 -0.253960 0.112500 0.665020 0.693250
1540823107.473000765 0.799440 1.181030 1.764030 -0.237690 0.113540 0.710240 0.652810
1540823107.572525740 1.204870 1.274160 1.721420 -0.229400 0.102900 0.751680 0.609730
1540823107.671977758 1.569800 1.419530 1.688390 -0.233720 0.092040 0.785980 0.564930
1540823107.804672480 1.993740 1.684700 1.657520 -0.246120 0.064470 0.824450 0.505530
1540823107.871018648 2.189080 1.832130 1.648780 -0.249220 0.055260 0.838680 0.481090
1540823108.003704786 2.484710 2.189690 1.648150 -0.241720 0.054050 0.861520 0.443200
1540823108.070048571 2.614510 2.381310 1.658000 -0.236430 0.055940 0.871810 0.425350
1540823108.202857971 2.777770 2.820690 1.696390 -0.233430 0.049280 0.895960 0.374620
1540823108.335434437 2.854190 3.302120 1.752450 -0.235920 0.020810 0.924070 0.300010
1540823108.401852846 2.862760 3.553350 1.784890 -0.239260 0.002340 0.935670 0.259360
1540823108.468217611 2.849810 3.807200 1.819220 -0.243900 -0.015970 0.944490 0.219510
1540823108.567644596 2.779070 4.187430 1.868700 -0.251860 -0.043740 0.952550 0.165220
1540823108.667160511 2.653180 4.560440 1.917130 -0.258150 -0.071510 0.955930 0.120170
1540823108.766680479 2.473990 4.914750 1.965670 -0.261940 -0.099250 0.956270 0.084210
1540823108.866198778 2.239260 5.243180 2.011590 -0.264060 -0.117740 0.955640 0.056230
1540823108.965718746 1.952900 5.540240 2.056100 -0.265080 -0.129410 0.954970 0.032030
1540823109.098452568 1.489440 5.884390 2.107580 -0.263890 -0.140740 0.954200 -0.007780
1540823109.164768696 1.229140 6.035500 2.133300 -0.263090 -0.152660 0.952210 -0.027940
1540823109.264353514 0.795210 6.226740 2.158990 -0.263800 -0.155010 0.950940 -0.045850
1540823109.363833666 0.319470 6.375920 2.188160 -0.265170 -0.144870 0.951490 -0.058030
1540823109.463352919 -0.202270 6.483540 2.202930 -0.265630 -0.136190 0.951880 -0.069470
1540823109.562833548 -0.763570 6.564300 2.209480 -0.262150 -0.129100 0.953200 -0.077560
1540823109.662394762 -1.361950 6.612900 2.206070 -0.261310 -0.114280 0.955240 -0.078570
1540823109.761871576 -1.996000 6.635190 2.190860 -0.260230 -0.090590 0.958470 -0.073520
1540823109.861389637 -2.664990 6.639540 2.161430 -0.254640 -0.065930 0.962360 -0.068430
1540823109.960972071 -3.366700 6.631990 2.114040 -0.243460 -0.045970 0.967010 -0.059260
1540823110.060482025 -4.099720 6.616560 2.060160 -0.229800 -0.023730 0.972130 -0.040000
1540823110.160058260 -4.860850 6.593470 2.003430 -0.218000 0.014840 0.975820 -0.006360
1540823110.259622574 -5.645350 6.577150 1.939370 -0.204660 0.052790 0.976750 0.035840
1540823110.359097719 -6.449090 6.578420 1.868510 -0.190070 0.094080 0.973130 0.089720
1540823110.458615541 -7.268340 6.603820 1.794960 -0.171470 0.139220 0.964060 0.147690
1540823110.558175564 -8.094400 6.666600 1.724080 -0.148730 0.187140 0.947940 0.210380
1540823110.657781839 -8.921250 6.781950 1.658920 -0.120950 0.235430 0.922320 0.281550
1540823110.757230759 -9.731610 6.959500 1.596860 -0.087930 0.277610 0.888880 0.353690
1540823110.856894970 -10.513110 7.209130 1.539350 -0.050720 0.313940 0.846690 0.426590
1540823110.956403732 -11.241650 7.528470 1.486110 -0.009420 0.339920 0.798270 0.497120
1540823111.055840015 -11.897920 7.917840 1.437320 0.036030 0.357310 0.745490 0.561500
1540823111.155486822 -12.468230 8.371140 1.397250 0.077510 0.368920 0.687060 0.621160
1540823111.254985332 -12.933050 8.872960 1.359960 0.113950 0.373820 0.622530 0.678040
1540823111.354398251 -13.280970 9.402800 1.322830 0.150310 0.359550 0.550860 0.738030
1540823111.487182617 -13.574980 10.114410 1.272410 0.162120 0.307280 0.453780 0.820600
1540823111.553434849 -13.656590 10.456220 1.253790 0.152090 0.289090 0.406970 0.853040
1540823111.686115980 -13.699300 11.105290 1.227690 0.126180 0.270490 0.314070 0.901260
1540823111.752467871 -13.677020 11.410660 1.234880 0.110230 0.265180 0.268310 0.919530
1540823111.851819515 -13.576880 11.846430 1.259670 0.094580 0.263730 0.195840 0.939760
1540823111.951339722 -13.400250 12.257860 1.309570 0.072390 0.256150 0.127240 0.955490
1540823112.050855637 -13.160460 12.637410 1.372700 0.044740 0.261110 0.065340 0.962060
1540823112.150375605 -12.853490 12.966930 1.456660 0.027180 0.266100 0.010830 0.963500
1540823112.250019550 -12.517890 13.311330 1.534060 0.039120 0.266650 -0.050310 0.961680
1540823112.349349260 -12.132270 13.629910 1.595660 0.069140 0.266220 -0.119060 0.954030
1540823112.448867798 -11.706880 13.914370 1.647050 0.104900 0.259970 -0.188570 0.941200
1540823112.548386812 -11.244260 14.148330 1.696500 0.147510 0.249000 -0.256480 0.922200
1540823112.647852182 -10.752750 14.314680 1.743150 0.185210 0.236350 -0.323320 0.897380
1540823112.747371435 -10.247560 14.433890 1.786660 0.216880 0.215770 -0.383490 0.871400
1540823112.846891165 -9.734640 14.487480 1.831910 0.253070 0.197020 -0.435970 0.840880
1540823112.946489334 -9.221860 14.464920 1.880700 0.289100 0.174270 -0.484500 0.807040
1540823113.079182386 -8.570770 14.302810 1.941510 0.333050 0.142190 -0.542890 0.757720
1540823113.145448208 -8.261870 14.174810 1.970690 0.346110 0.131900 -0.567860 0.735090
1540823113.278218031 -7.720740 13.798760 2.017240 0.352050 0.133380 -0.606390 0.700400
1540823113.344485521 -7.444210 13.582750 2.037570 0.356040 0.130520 -0.623060 0.684110
1540823113.444003344 -7.092420 13.180760 2.067770 0.363640 0.126430 -0.642050 0.662990
1540823113.543582678 -6.765390 12.726400 2.094600 0.355250 0.130960 -0.649180 0.659700
1540823113.643146992 -6.493640 12.200390 2.114670 0.337710 0.145040 -0.646580 0.668470
1540823113.742748976 -6.261070 11.610990 2.119110 0.313290 0.167290 -0.639760 0.681600
1540823113.842242718 -6.070400 10.961170 2.106960 0.287940 0.190290 -0.626370 0.698960
1540823113.941823483 -5.892650 10.255730 2.077560 0.256560 0.211920 -0.607960 0.720870
1540823114.041304350 -5.715040 9.500050 2.032860 0.217130 0.233630 -0.585320 0.745440
1540823114.140822172 -5.525050 8.695110 1.989910 0.163070 0.254610 -0.555390 0.774680
1540823114.240381241 -5.315180 7.843030 1.951440 0.099900 0.272460 -0.516700 0.805490
1540823114.339901209 -5.074570 6.957970 1.924280 0.023700 0.293620 -0.467430 0.833510
1540823114.439455271 -4.779400 6.056400 1.910340 -0.056040 0.309750 -0.405480 0.858200
1540823114.538982153 -4.405430 5.157680 1.914520 -0.145360 0.311590 -0.326900 0.880300
1540823114.638495445 -3.948060 4.294690 1.936710 -0.246080 0.306560 -0.225880 0.891320
1540823114.737886906 -3.400690 3.506820 1.967730 -0.343080 0.292210 -0.117200 0.884970
1540823114.837404013 -2.775230 2.826340 1.990970 -0.412370 0.267240 -0.011550 0.870860
1540823114.937026501 -2.089550 2.289590 1.996270 -0.439930 0.221910 0.103380 0.864020
1540823115.036545515 -1.375230 1.912500 1.988970 -0.451390 0.166160 0.224060 0.847600
1540823115.136065483 -0.679870 1.684150 1.971490 -0.460250 0.116110 0.342960 0.810590
1540823115.235545397 -0.031740 1.596150 1.945370 -0.475740 0.072060 0.451940 0.751150
1540823115.334995985 0.543520 1.624090 1.902950 -0.485300 0.045830 0.545280 0.681950
1540823115.434555054 1.021970 1.757920 1.839690 -0.472650 0.052950 0.623160 0.620860
1540823115.534075022 1.400870 1.979650 1.764720 -0.440400 0.108600 0.685220 0.569850
1540823115.633554220 1.719300 2.277470 1.681990 -0.385670 0.125350 0.758390 0.510280
1540823115.733178616 1.944590 2.686470 1.626520 -0.341680 0.118840 0.820470 0.442670
1540823115.832710028 2.096800 3.164750 1.607110 -0.324250 0.081690 0.872240 0.356910
1540823115.965286493 2.170040 3.870850 1.625600 -0.314000 0.003010 0.921490 0.228580
1540823116.031664848 2.152120 4.238400 1.652050 -0.307410 -0.048950 0.936430 0.161900
1540823116.131103992 2.044600 4.772490 1.703210 -0.296590 -0.132810 0.943220 0.068820
1540823116.230717421 1.876860 5.279460 1.754180 -0.287360 -0.192160 0.938320 0.007780
1540823116.330135345 1.644130 5.715810 1.820250 -0.291340 -0.224330 0.929780 -0.017700
1540823116.429702997 1.381670 6.103780 1.870740 -0.292350 -0.217220 0.930890 -0.028300
1540823116.529173851 1.019790 6.390970 1.939420 -0.281430 -0.206820 0.936150 -0.040640
1540823116.628704309 0.589830 6.612540 2.012300 -0.271460 -0.200160 0.940250 -0.046600
1540823116.728211641 0.114670 6.781720 2.094740 -0.263370 -0.184630 0.945670 -0.047590
1540823116.827730656 -0.408880 6.916260 2.153930 -0.264340 -0.179330 0.946360 -0.048620
1540823116.927315712 -0.968090 7.006900 2.196920 -0.265220 -0.191610 0.943570 -0.051160
1540823117.026767731 -1.559230 7.056480 2.215690 -0.263790 -0.190580 0.944290 -0.049000
1540823117.126287937 -2.176380 7.059530 2.215010 -0.262460 -0.154210 0.951740 -0.039130
1540823117.258978605 -3.049850 7.022250 2.179310 -0.252730 -0.074980 0.964400 -0.020860
1540823117.358538151 -3.736580 6.981440 2.132610 -0.241010 -0.022280 0.970270 -0.000830
1540823117.424911261 -4.214000 6.959250 2.095570 -0.228480 -0.009080 0.973400 0.014580
1540823117.524571657 -4.952660 6.929650 2.040680 -0.208600 0.004250 0.976670 0.050890
1540823117.624003649 -5.710750 6.905450 1.994140 -0.190350 0.038860 0.975210 0.105900
1540823117.723668575 -6.491720 6.904670 1.955790 -0.165610 0.076990 0.968210 0.170930
1540823117.823043346 -7.275760 6.929510 1.926040 -0.143750 0.115800 0.952060 0.243950
1540823117.922646999 -8.062150 6.986080 1.900460 -0.125330 0.160490 0.924880 0.321130
1540823118.055258512 -9.093960 7.130920 1.861900 -0.100070 0.213050 0.873830 0.425470
1540823118.121596813 -9.596520 7.238610 1.842480 -0.082950 0.230880 0.845830 0.473690
1540823118.221118927 -10.317280 7.453460 1.822300 -0.057510 0.244700 0.801190 0.543050
1540823118.320634842 -10.985550 7.723470 1.813550 -0.035590 0.231360 0.759020 0.607540
1540823118.453328133 -11.795100 8.141930 1.821970 -0.015770 0.213790 0.694250 0.687070
1540823118.519741297 -12.163940 8.370430 1.831210 -0.003190 0.218510 0.651230 0.726730
1540823118.619279623 -12.665960 8.729490 1.847560 0.014460 0.217820 0.575620 0.788040
1540823118.718641520 -13.107620 9.098910 1.865230 0.035750 0.228290 0.489780 0.840670
1540823118.851434231 -13.592940 9.593390 1.890730 0.056270 0.238290 0.376180 0.893610
1540823118.984024286 -13.968610 10.069690 1.914600 0.037750 0.236190 0.296300 0.924660
1540823119.017280340 -14.034020 10.184390 1.924300 0.031760 0.238330 0.279380 0.929590
1540823119.116717339 -14.209410 10.531000 1.942840 0.026590 0.237360 0.226390 0.944300
1540823119.249409199 -14.360350 10.977470 1.963350 0.018380 0.223990 0.164170 0.960490
1540823119.315827370 -14.391210 11.188830 1.976110 0.009260 0.216000 0.139340 0.966360
1540823119.415274382 -14.412620 11.499920 1.995530 -0.000490 0.209320 0.105300 0.972160
1540823119.548042059 -14.372090 11.903350 2.025830 -0.007050 0.190060 0.066820 0.979470
1540823119.614399195 -14.327620 12.098340 2.046600 -0.010640 0.174840 0.048540 0.983340
1540823119.713807583 -14.234830 12.388510 2.080340 -0.014680 0.151770 0.020950 0.988090
1540823119.813282728 -14.110770 12.673220 2.115690 0.001580 0.133680 -0.009700 0.990980
1540823119.912746906 -13.964330 12.948450 2.147800 0.037930 0.125300 -0.048580 0.990200
1540823120.012306213 -13.798920 13.198100 2.172960 0.063200 0.124190 -0.085570 0.986540
1540823120.111829758 -13.614510 13.425580 2.185150 0.069330 0.124900 -0.117540 0.982740
1540823120.211302996 -13.407280 13.612590 2.188090 0.076390 0.125450 -0.150480 0.977640
1540823120.310863972 -13.188700 13.783460 2.182640 0.088360 0.123120 -0.182250 0.971500
1540823120.410382032 -12.954050 13.925690 2.175350 0.108920 0.110330 -0.212820 0.964710
1540823120.543074846 -12.630600 14.067890 2.162350 0.135780 0.097430 -0.243700 0.955340
1540823120.609419823 -12.464510 14.115340 2.153810 0.136660 0.094680 -0.256600 0.952110
1540823120.708897829 -12.217210 14.158910 2.137530 0.131930 0.095110 -0.275040 0.947580
1540823120.808418036 -11.967500 14.167820 2.112570 0.127560 0.097760 -0.294000 0.942200
1540823120.907937765 -11.716090 14.153430 2.082740 0.123630 0.098980 -0.312850 0.936510
1540823121.007460117 -11.455740 14.114480 2.049780 0.118200 0.097950 -0.329710 0.931520
1540823121.107076883 -11.204560 14.039000 2.010990 0.111970 0.090520 -0.348230 0.926290
1540823121.206542730 -10.949020 13.943930 1.961030 0.105280 0.086730 -0.368780 0.919450
1540823121.306013107 -10.692690 13.824840 1.903890 0.099240 0.081780 -0.389590 0.911960
1540823121.405539036 -10.435880 13.684870 1.840710 0.092860 0.073260 -0.412400 0.903290
1540823121.538303852 -10.095250 13.470540 1.746660 0.089430 0.062400 -0.444430 0.889150
1540823121.604569912 -9.927140 13.350430 1.694710 0.086020 0.054760 -0.458910 0.882610
1540823121.704091787 -9.676840 13.157520 1.618650 0.081040 0.039880 -0.478790 0.873270
1540823121.803646803 -9.433140 12.949940 1.543860 0.080120 0.024480 -0.496420 0.864030
1540823121.903126240 -9.202270 12.727610 1.466650 0.078400 0.009600 -0.512600 0.854980
1540823122.002648115 -8.984260 12.495740 1.390490 0.074520 -0.002590 -0.526770 0.846730
1540823122.102244377 -8.779270 12.257010 1.321600 0.071660 -0.013710 -0.535460 0.841400
1540823122.201683998 -8.592420 12.012770 1.264880 0.068850 -0.022320 -0.542860 0.836700
1540823122.301202059 -8.423690 11.764310 1.219990 0.069110 -0.026410 -0.549010 0.832540
1540823122.400720835 -8.274010 11.512350 1.190010 0.066950 -0.024770 -0.553450 0.829820
1540823122.500280857 -8.139890 11.257680 1.170380 0.064890 -0.022560 -0.555620 0.828590
1540823122.599857330 -8.017770 10.999830 1.159640 0.064150 -0.022180 -0.555480 0.828750
1540823122.699448347 -7.909430 10.738640 1.157010 0.062180 -0.019920 -0.556780 0.828090
1540823122.798895359 -7.814120 10.475990 1.163160 0.059540 -0.020400 -0.560010 0.826090
1540823122.898373604 -7.730880 10.213160 1.179910 0.057770 -0.021230 -0.563850 0.823580
1540823122.998051882 -7.659500 9.948980 1.203200 0.056200 -0.021870 -0.567250 0.821330
1540823123.097499132 -7.602440 9.686190 1.234140 0.055990 -0.023050 -0.567080 0.821430
1540823123.197052956 -7.559250 9.424170 1.268470 0.054740 -0.021590 -0.561940 0.825080
1540823123.296499491 -7.531210 9.162270 1.303890 0.035350 -0.009790 -0.552080 0.832980
1540823123.429196119 -7.502730 8.818530 1.352740 0.010950 0.008000 -0.530470 0.847600
1540823123.495535135 -7.490270 8.650560 1.376540 0.005400 0.013410 -0.520120 0.853970
1540823123.595054150 -7.472000 8.402040 1.409030 -0.005750 0.019900 -0.507620 0.861330
1540823123.694575071 -7.448880 8.156650 1.437230 -0.005900 0.022980 -0.499400 0.866050
1540823123.794134378 -7.424780 7.916430 1.461430 -0.006680 0.025830 -0.495830 0.868010
1540823123.893610001 -7.394730 7.679830 1.483440 -0.006280 0.028260 -0.495510 0.868120
1540823123.993130207 -7.361530 7.447910 1.501840 -0.003410 0.026900 -0.494300 0.868870
1540823124.092689037 -7.327280 7.221020 1.513430 0.002470 0.026080 -0.489200 0.871780
1540823124.192296028 -7.289620 6.996460 1.516090 0.010830 0.021290 -0.482580 0.875530
1540823124.291704178 -7.254430 6.773280 1.505830 0.012080 0.019990 -0.476050 0.879110
1540823124.391207218 -7.220430 6.550770 1.479340 0.009060 0.020950 -0.471380 0.881630
1540823124.490724564 -7.185120 6.327430 1.433600 0.008860 0.021750 -0.465400 0.884790
1540823124.590317965 -7.147090 6.097430 1.365740 0.004560 0.022460 -0.456960 0.889190
1540823124.689808130 -7.104870 5.865430 1.282010 -0.002340 0.026620 -0.442860 0.896190
1540823124.789283276 -7.057350 5.630900 1.187110 -0.003490 0.026740 -0.428120 0.903320
1540823124.888843536 -7.004650 5.395150 1.084650 -0.008840 0.027190 -0.413460 0.910070
1540823124.988325119 -6.944200 5.164070 0.979230 -0.012590 0.026110 -0.398530 0.916690
1540823125.121012926 -6.853900 4.862890 0.836650 -0.018500 0.027100 -0.379840 0.924470
1540823125.187398911 -6.804910 4.714140 0.764150 -0.017520 0.026170 -0.373080 0.927260
1540823125.286877871 -6.724160 4.501910 0.656950 -0.022200 0.026050 -0.362680 0.931290
1540823125.386395931 -6.635030 4.296540 0.552730 -0.018460 0.028440 -0.354020 0.934620
1540823125.485955954 -6.537710 4.098130 0.454220 -0.015750 0.029080 -0.346010 0.937650
1540823125.618648052 -6.396250 3.844700 0.327030 -0.003970 0.042620 -0.337190 0.940460
1540823125.684952974 -6.317300 3.716010 0.273560 0.000510 0.045040 -0.332850 0.941900
1540823125.784471989 -6.190880 3.530770 0.253040 -0.003420 0.002430 -0.318280 0.947990
1540823125.884049416 -6.077570 3.358380 0.259470 -0.000670 0.041370 -0.308140 0.950440
1540823125.983461618 -5.951920 3.189400 0.291390 0.002690 0.043690 -0.300170 0.952880
1540823126.082985401 -5.819220 3.023310 0.328170 0.004040 0.052650 -0.291810 0.955020
1540823126.182572365 -5.675530 2.859870 0.371680 -0.000910 0.050400 -0.283740 0.957570
1540823126.282022238 -5.521980 2.703900 0.422370 0.000220 0.047580 -0.274800 0.960320
1540823126.381540537 -5.360000 2.553640 0.475630 0.001050 0.046700 -0.263800 0.963450
1540823126.481057167 -5.192780 2.407920 0.526510 -0.001900 0.045500 -0.252100 0.966630
1540823126.580672026 -5.020380 2.267420 0.572050 0.001820 0.043290 -0.243310 0.968980
1540823126.680184603 -4.843150 2.128160 0.611130 0.015830 0.036510 -0.237400 0.970600
1540823126.779617548 -4.665330 1.990320 0.646590 0.033650 0.029760 -0.236180 0.970670
1540823126.879134417 -4.485500 1.848820 0.675460 0.038120 0.024960 -0.236080 0.970660
1540823126.978652239 -4.306910 1.704140 0.693680 0.035270 0.021980 -0.231260 0.972000
1540823127.078211308 -4.126970 1.552610 0.699160 0.033160 0.016530 -0.219540 0.974900
1540823127.177772999 -3.946920 1.392160 0.695620 0.021020 0.009060 -0.206930 0.978090
1540823127.277209282 -3.765630 1.227550 0.686130 0.007890 0.001710 -0.192730 0.981220
1540823127.376727581 -3.585370 1.058370 0.669520 -0.005810 -0.007380 -0.177490 0.984080
1540823127.476246357 -3.406800 0.890770 0.652250 -0.021460 -0.015770 -0.162730 0.986310
1540823127.575823069 -3.232180 0.726950 0.636390 -0.035080 -0.021950 -0.147860 0.988140
1540823127.675342083 -3.062290 0.570730 0.623850 -0.047250 -0.029230 -0.132430 0.989630
